Rank,Genre,Director,Actors,Year,Runtime_Minutes,Rating,Votes,Revenue_Millions,Metascore
1,0,264,94,2014,121,8.1,757074,333.13,76.0
2,1,514,389,2012,124,7.0,485820,126.46,65.0
3,7,388,220,2016,117,7.3,157606,138.12,62.0
4,2,104,346,2016,108,7.2,60545,270.32,59.0
5,0,135,510,2016,123,6.2,393727,325.02,40.0
6,0,636,343,2016,103,6.1,56036,45.13,42.0
7,4,121,434,2016,128,8.3,258682,151.06,93.0
8,4,554,159,2016,89,6.4,2490,0.0,71.0
9,0,263,85,2016,141,7.1,7188,8.01,78.0
10,1,444,238,2016,116,7.0,192177,100.01,41.0
11,1,154,133,2016,133,7.5,232072,234.02,66.0
12,3,599,476,2016,127,7.8,93103,169.27,74.0
13,0,203,166,2016,133,7.9,323118,532.17,65.0
14,2,530,49,2016,107,7.7,118151,248.75,81.0
15,0,446,38,2016,109,6.4,8612,2.87,70.0
16,2,97,318,2016,87,6.6,120259,368.31,61.0
17,3,416,29,2016,139,8.2,211760,67.12,71.0
18,0,480,343,2016,123,6.7,150823,162.16,58.0
19,3,205,122,2016,118,8.1,102061,51.69,69.0
20,6,157,25,2016,116,8.0,340798,100.5,81.0
21,1,577,345,2016,120,6.7,19053,7.22,49.0
22,6,360,80,2016,137,7.9,134213,47.7,96.0
23,5,64,151,2016,108,6.7,1115,0.0,72.0
24,2,622,36,2016,92,6.5,38552,153.69,56.0
25,0,527,309,2016,120,5.3,127553,103.14,32.0
26,4,164,168,2016,83,6.8,222,0.0,79.79916326362283
27,0,539,404,2015,159,8.3,76193,6.5,82.45437756379026
28,7,497,248,2016,99,4.7,523,0.01,47.32936339883891
29,4,321,365,2016,100,6.2,66540,113.08,60.0
30,0,348,356,2016,115,5.9,112813,54.65,36.0
31,4,306,519,2016,111,6.3,48123,60.31,39.0
32,6,609,25,2016,116,7.5,126030,10.64,67.0
33,0,82,220,2016,144,7.1,275510,155.33,52.0
34,0,604,436,2016,108,8.0,627797,363.02,65.0
35,0,484,367,2016,107,5.6,46165,26.84,49.0
36,0,44,90,2016,147,7.9,411656,408.08,75.0
37,1,107,345,2014,169,8.6,1047747,187.99,74.0
38,0,547,56,2016,115,7.6,293732,232.6,72.0
39,0,45,121,2016,132,6.9,122853,93.38,54.0
40,4,477,253,2007,113,7.1,241,0.0,52.18800523752742
41,2,228,460,2016,89,6.3,120690,97.66,66.0
42,6,57,331,2016,111,7.5,135095,27.85,99.0
43,7,562,71,2016,73,2.7,496,0.0,57.5510341957702
44,3,310,357,2016,115,7.2,37033,12.79,66.0
45,6,507,176,2016,99,6.3,279,4.21,57.0
46,0,517,258,2011,136,6.7,395025,241.06,45.0
47,6,312,243,2016,132,7.3,17818,3.44,64.0
48,1,549,196,2016,91,5.6,5103,0.0,50.74143367431425
49,0,349,93,2016,122,7.1,164567,158.8,68.0
50,6,555,86,2016,130,3.7,987,0.0,16.0
51,0,251,105,2015,136,8.1,661608,936.63,81.0
52,0,41,276,2016,91,5.8,41362,30.35,23.0
53,4,204,236,2016,118,5.6,20221,32.46,18.0
54,0,91,283,2014,101,7.2,321933,43.0,68.0
55,0,107,95,2008,152,9.0,1791916,533.32,82.0
56,1,407,29,2016,161,7.3,49190,7.08,79.0
57,5,189,470,2016,88,7.2,121103,89.21,71.0
58,6,598,147,2016,106,7.4,113322,56.23,51.0
59,4,381,182,2016,117,7.0,3739,3.18,76.0
60,3,111,491,2016,96,7.5,137608,125.07,74.0
61,0,638,50,2016,151,6.7,472307,330.25,44.0
62,7,33,68,2016,86,6.8,35870,0.0,65.0
63,5,591,149,2016,112,6.5,102177,75.31,48.0
64,6,542,107,2015,125,4.1,244474,166.15,46.0
65,6,107,95,2006,130,8.5,913152,53.08,66.0
66,0,412,102,2014,129,7.7,440209,128.25,58.0
67,6,489,341,2016,133,7.4,39784,31.86,69.0
68,0,216,492,2015,120,8.1,632842,153.63,90.0
69,6,525,73,2016,106,7.5,291,0.01,61.0
70,0,489,341,2016,107,7.2,89849,61.28,68.0
71,6,595,393,2016,133,5.9,149791,0.0,49.0
72,0,524,63,2016,124,7.1,78079,40.07,60.0
73,6,249,308,2016,108,7.5,39134,3.73,76.0
74,6,141,510,2016,97,6.8,43977,30.98,23.0
75,2,84,187,2016,108,8.1,296853,341.26,78.0
76,0,223,258,2007,169,7.1,498821,309.4,50.0
77,0,338,423,2012,143,8.1,1045588,623.28,69.0
78,1,502,63,2009,153,8.3,959065,120.52,69.0
79,0,223,258,2006,151,7.3,552027,423.03,53.0
80,0,479,349,2016,116,5.3,147717,128.34,60.0
81,0,107,306,2010,148,8.8,1583625,292.57,74.0
82,4,410,502,2016,118,7.9,105081,5.88,72.0
83,3,407,306,2013,180,8.2,865134,116.87,75.0
84,5,140,50,2014,149,8.1,636243,167.74,79.0
85,0,270,503,2015,137,7.2,301249,350.03,67.0
86,0,113,94,2015,124,7.0,455169,652.18,59.0
87,5,60,50,2016,129,6.4,27869,10.38,49.0
88,0,260,443,2009,162,7.8,935408,760.51,83.0
89,5,502,445,2015,187,7.8,341170,54.12,68.0
90,0,213,50,2016,128,7.4,162122,86.2,51.0
91,5,157,199,2013,153,8.1,431185,60.96,74.0
92,0,170,496,2016,123,7.0,187547,47.17,32.0
93,6,591,153,2011,146,8.1,342429,169.71,62.0
94,4,607,261,2016,114,7.1,106463,43.02,57.0
95,0,338,423,2015,141,7.4,516895,458.99,66.0
96,0,560,431,2016,116,7.4,175067,36.25,70.0
97,2,389,437,2016,106,8.6,34110,4.68,79.0
98,7,289,2,2016,90,5.8,9247,0.15,62.0
99,6,464,295,2016,105,6.3,10181,1.29,77.0
100,5,407,306,2006,151,8.5,937414,132.37,85.0
101,3,78,492,2015,132,7.0,108836,1.87,55.0
102,0,359,91,2011,115,7.0,570814,181.02,57.0
103,1,514,343,2015,144,8.0,556097,228.43,80.0
104,5,467,336,2016,106,7.9,7204,0.0,0.0
105,0,234,195,2015,116,7.3,202973,45.43,56.0
106,5,146,93,2016,102,7.7,115546,26.86,88.0
107,4,592,422,2016,120,5.4,1954,1.66,40.0
108,0,154,14,2016,110,6.3,117590,126.59,44.0
109,6,355,163,2016,105,5.8,1004,0.0,48.0
110,6,15,20,2014,108,7.7,339797,25.44,78.0
111,0,226,254,2016,89,6.3,3712,10.16,44.0
112,3,579,88,2013,134,8.1,486338,56.67,96.0
114,0,638,185,2006,117,7.7,637104,210.59,52.0
115,1,154,113,2011,130,8.1,590595,380.96,87.0
116,4,336,226,2016,105,5.8,30761,54.73,42.0
117,7,457,142,2016,118,6.2,50359,1.33,51.0
118,0,461,0,2016,161,8.8,48969,11.15,0.0
119,6,129,255,2016,104,7.2,192968,71.9,76.0
120,2,31,143,2016,97,7.4,157026,486.29,77.0
121,1,602,161,2016,127,6.7,101058,87.24,57.0
122,1,451,461,2014,139,6.7,362093,150.83,48.0
123,1,256,516,2016,98,6.0,53183,46.01,51.0
124,0,608,454,2016,86,7.4,10428,0.0,0.0
125,0,107,95,2012,164,8.5,1222645,448.13,78.0
126,1,318,380,2016,106,7.5,198243,364.0,77.0
127,0,418,341,2014,165,5.7,255483,245.43,32.0
128,1,238,152,2016,96,6.6,69651,38.56,58.0
129,4,499,350,2008,108,6.4,153481,143.7,51.0
130,1,13,306,2015,156,8.0,499424,183.64,76.0
131,6,160,121,2016,139,7.3,50953,57.64,79.0
132,1,517,36,2014,125,6.0,109756,128.0,69.0
133,6,279,61,2016,86,6.4,78328,55.12,59.0
134,6,121,366,2014,107,8.5,477276,13.09,88.0
135,0,349,503,2013,130,7.1,318051,238.67,61.0
136,5,161,434,2012,140,7.3,200090,21.38,68.0
137,5,183,494,2007,122,8.1,660286,74.27,91.0
138,6,59,306,2013,143,7.3,386102,144.81,55.0
139,8,407,306,2010,138,8.1,855604,127.97,63.0
140,8,405,106,2016,148,7.1,13004,0.0,44.0
141,0,251,93,2009,127,8.0,526324,257.7,82.0
142,4,601,518,2010,94,6.2,34184,64.0,56.0
143,3,3,95,2015,130,7.8,246360,70.24,81.0
144,6,376,70,2015,118,8.2,224132,14.68,86.0
145,6,502,222,2012,165,8.4,1039115,162.8,81.0
146,6,92,368,2016,144,8.1,33418,2.01,84.0
147,4,356,190,2016,104,7.4,47694,14.26,77.0
148,0,638,209,2009,162,7.6,410249,107.5,56.0
149,4,227,355,2007,113,7.6,442082,121.46,76.0
150,0,531,491,2016,121,6.2,97623,34.26,42.0
151,1,586,340,2016,117,6.4,50853,55.47,66.0
152,1,207,238,2012,142,7.2,735604,408.0,68.0
153,6,177,371,2016,88,5.8,4299,0.2,65.0
154,0,157,149,2015,121,7.6,243230,46.88,82.0
155,6,145,92,2014,91,8.1,1973,0.0,0.0
156,0,112,415,2007,94,4.7,97618,41.8,29.0
157,0,232,202,2013,131,7.0,400519,101.79,64.0
158,4,222,471,2011,118,7.4,396714,84.24,68.0
159,0,172,355,2010,112,7.5,291457,31.49,69.0
160,0,172,466,2007,121,7.9,373244,23.62,81.0
161,9,187,46,2016,106,6.0,5926,0.0,40.0
162,0,63,463,2016,90,7.0,6946,1.8,63.0
163,0,82,395,2014,132,8.0,552298,233.91,74.0
164,0,173,490,2016,118,6.1,78043,58.4,47.0
165,0,404,111,2006,144,8.0,495106,167.01,80.0
166,6,89,295,2008,122,5.2,361449,191.45,56.0
167,0,322,241,2016,129,6.5,156567,65.03,46.0
168,3,565,194,2015,109,7.3,39723,33.31,51.0
169,0,418,256,2016,144,7.3,76935,52.82,48.0
170,0,540,111,2015,148,6.8,308981,200.07,60.0
171,5,125,213,2014,118,7.9,332476,32.28,76.0
172,2,619,86,2016,101,7.9,72778,48.02,84.0
173,1,252,189,2016,84,5.2,2127,0.0,59.0
174,6,571,247,2013,126,8.0,390531,25.56,90.0
175,2,93,293,2013,102,7.5,451894,400.74,74.0
176,0,73,184,2015,130,6.5,143069,93.42,60.0
177,0,409,180,2014,130,7.6,337777,208.54,79.0
178,0,62,53,2008,107,7.0,321442,110.42,71.0
179,7,270,501,2016,134,7.4,137203,102.46,65.0
180,0,493,400,2015,117,7.3,368912,180.19,64.0
181,4,561,416,2016,118,6.7,43086,24.09,59.0
182,7,519,44,2015,92,6.8,101781,25.14,83.0
183,6,359,312,2015,105,7.0,117018,201.15,67.0
185,6,51,477,2016,124,8.0,22389,3.4,85.0
186,6,210,45,2015,135,6.0,24003,0.0,51.0
187,6,38,249,2016,113,6.3,11944,1.72,53.0
188,6,232,352,2015,119,6.6,97454,31.06,66.0
189,5,457,434,2011,100,7.8,461509,35.05,78.0
190,4,342,27,2015,125,6.3,106364,110.01,75.0
191,6,161,356,2016,133,7.2,27382,12.53,60.0
192,6,47,158,2016,94,5.6,1445,0.0,42.0
193,5,612,339,2015,128,8.1,268282,44.99,93.0
194,7,386,279,2016,92,5.8,22107,3.91,48.0
195,0,213,492,2011,140,8.2,355722,13.65,71.0
196,0,298,90,2011,124,6.9,547368,176.64,66.0
197,5,8,76,2016,95,6.3,3799,0.0,0.0
198,1,555,146,2007,148,8.1,459304,18.35,73.0
199,3,444,56,2014,114,8.1,532353,91.12,73.0
200,0,505,128,2016,107,6.3,97082,127.38,52.0
201,0,167,490,2014,113,7.9,471815,100.19,71.0
202,6,223,109,2016,146,6.5,12193,8.1,47.0
203,3,463,262,2016,134,7.3,79855,21.48,58.0
204,0,318,423,2008,126,7.9,737719,318.3,79.0
205,0,522,461,2016,120,5.7,70504,66.0,33.0
206,0,412,220,2011,132,7.8,550011,146.41,65.0
207,6,343,178,2016,99,7.5,5435,0.51,81.0
208,4,292,6,2016,118,7.5,26089,2.14,90.0
209,4,479,296,2011,125,6.8,227912,169.08,75.0
210,6,114,182,2016,111,6.7,23713,0.0,67.0
211,0,75,128,2015,114,6.1,161396,155.18,43.0
212,6,237,500,2012,94,5.3,114290,14.12,63.0
213,0,418,464,2007,144,7.1,531112,318.76,61.0
214,0,572,263,2013,104,5.8,54679,0.0,49.0
215,0,10,91,2013,112,7.0,443584,206.36,54.0
216,0,16,67,2016,126,5.5,73568,31.14,25.0
217,0,44,90,2014,136,7.8,542362,259.75,70.0
218,0,99,321,2016,104,5.7,7044,33.04,41.0
219,6,379,338,2016,100,6.1,1703,0.0,67.0
220,0,412,3,2010,117,7.7,456749,48.04,66.0
221,0,246,463,2015,96,6.7,61098,9.24,51.0
222,2,309,394,2006,117,7.1,283445,244.05,73.0
223,7,149,332,2014,100,6.9,136399,14.67,83.0
224,5,140,111,2011,158,7.8,348551,102.52,71.0
225,4,505,232,2013,110,7.0,334867,150.37,44.0
226,6,27,452,2016,163,7.0,19660,0.66,79.0
227,4,637,101,2015,119,7.1,121313,8.7,82.0
228,0,460,11,2010,107,6.4,179450,52.0,51.0
229,0,523,32,2014,97,7.0,268877,241.41,56.0
230,7,584,389,2016,102,4.8,2382,0.0,35.0
231,6,232,204,2006,118,8.2,498879,37.62,98.0
232,5,36,396,2016,95,5.2,3305,0.0,50.0
233,0,416,186,2006,139,7.8,247926,50.86,68.0
234,0,106,490,2015,131,7.4,257472,195.0,75.0
235,0,90,91,2016,114,6.1,66766,47.95,35.0
236,6,574,314,2012,102,8.0,377336,17.74,67.0
237,3,469,376,2016,100,6.8,41446,13.96,81.0
238,6,120,276,2016,85,3.9,4895,2.41,31.0
239,1,626,410,2014,99,8.1,530881,59.07,88.0
240,0,30,448,2013,125,5.9,96852,26.62,35.0
241,0,135,63,2014,134,7.6,332234,85.71,64.0
242,2,486,26,2015,95,8.2,416689,356.45,94.0
243,2,52,324,2016,90,5.8,1109,9.4,48.0
244,0,10,47,2015,126,6.5,205365,89.73,38.0
245,1,94,314,2010,118,5.9,148949,88.76,47.0
246,6,611,199,2012,158,7.6,257426,148.78,63.0
247,6,22,268,2006,109,7.9,382910,35.29,84.0
248,4,439,39,2016,119,7.4,14708,5.66,83.0
249,0,479,349,2015,119,7.1,188017,110.82,75.0
250,3,466,173,2011,112,8.6,557965,13.18,57.0
251,4,174,123,2016,92,4.9,178,0.32,50.0
252,6,637,97,2009,94,7.3,50946,0.11,73.0
253,3,186,390,2015,147,7.9,139831,161.03,72.0
254,0,392,29,2014,142,6.7,342183,202.85,53.0
255,7,270,396,2013,112,7.5,330305,137.39,68.0
256,4,607,517,2009,100,7.8,611563,277.31,73.0
257,0,489,14,2012,131,5.8,210349,65.17,41.0
258,0,535,218,2011,105,7.6,422290,176.74,68.0
259,7,139,482,2016,81,6.4,69823,67.24,58.0
260,6,332,419,2016,118,7.1,664,2.27,76.0
261,4,13,357,2014,119,7.8,440299,42.34,88.0
262,6,133,376,2010,108,8.0,581518,106.95,79.0
263,4,350,498,2014,108,6.2,21715,4.4,79.0
264,6,370,87,2013,117,7.0,90556,0.79,64.0
265,0,134,347,2016,112,6.0,59312,0.54,40.0
266,6,175,283,2015,99,4.9,53441,0.03,53.0
267,4,127,422,2016,102,6.0,75137,35.54,18.0
268,6,615,491,2012,172,7.5,298651,27.1,55.0
269,0,212,199,2009,107,6.7,388447,179.88,40.0
270,7,286,450,2016,85,3.7,2384,0.0,0.0
271,0,540,111,2012,143,7.8,547386,304.36,81.0
272,1,491,342,2012,169,7.9,668651,303.0,58.0
273,0,495,261,2012,110,7.2,432046,138.45,69.0
274,4,302,167,2016,106,8.0,52144,3.23,79.0
275,2,179,142,2016,89,6.8,4729,0.0,0.0
276,0,334,490,2013,124,7.0,410125,89.02,54.0
277,0,495,83,2014,112,7.1,280110,191.62,71.0
278,5,140,213,2007,157,7.7,329683,33.05,78.0
279,4,511,60,2016,117,7.0,36312,3.37,83.0
280,0,560,423,2013,130,7.2,591023,408.99,62.0
281,5,382,241,2013,115,7.3,492324,117.7,50.0
282,0,234,423,2009,128,7.6,501769,209.02,57.0
283,9,502,297,2007,113,7.1,220236,0.0,0.0
284,3,611,133,2015,119,7.0,110773,12.71,66.0
285,0,77,128,2014,98,6.0,122838,72.66,47.0
286,0,638,150,2011,110,6.1,204874,36.38,33.0
287,0,227,517,2016,105,5.8,30405,14.9,34.0
288,0,368,83,2015,127,5.3,150121,47.38,40.0
289,0,275,517,2016,95,5.8,26508,17.36,47.0
290,9,257,427,2016,99,6.1,726,0.0,0.0
291,0,543,515,2016,118,7.5,58782,2.13,72.0
292,4,277,36,2012,112,7.2,226631,65.0,66.0
293,4,455,460,2016,92,5.7,76327,55.29,58.0
294,6,143,312,2016,107,7.7,96,0.0,0.0
295,0,638,195,2013,143,7.1,577010,291.02,55.0
296,6,532,57,2016,111,6.6,20514,18.71,26.0
297,2,441,411,2016,94,5.7,34523,64.06,34.0
298,4,141,38,2006,109,6.8,302268,124.73,62.0
299,3,74,73,2016,127,7.1,43929,15.43,66.0
300,6,482,112,2007,158,8.1,400682,40.22,92.0
301,0,45,121,2014,132,7.2,249425,101.53,57.0
302,0,489,341,2013,121,7.5,218996,125.07,60.0
303,7,169,294,2012,95,7.0,295554,42.04,72.0
304,4,200,34,2008,97,5.5,67033,48.24,55.0
305,4,291,233,2010,104,6.4,105619,31.58,46.0
306,4,482,247,2014,148,6.7,69509,8.09,81.0
307,1,259,352,2016,113,6.2,57207,77.04,34.0
308,5,206,146,2016,110,5.5,403,0.0,0.0
309,0,349,320,2006,104,6.0,193479,62.49,45.0
310,4,102,107,2016,110,6.1,59886,46.81,51.0
311,3,310,405,2009,129,7.7,237221,255.95,53.0
312,6,1,326,2013,180,7.8,103150,2.2,88.0
313,6,288,159,2014,93,6.8,132580,0.92,86.0
314,1,491,200,2014,144,7.4,385598,255.11,59.0
315,1,154,113,2007,138,7.5,385325,292.0,71.0
316,0,72,90,2013,126,7.0,199048,4.56,84.0
317,0,248,89,2016,112,5.2,73093,34.91,33.0
318,0,123,103,2016,81,5.3,1263,0.0,0.0
319,4,388,391,2015,94,6.2,81429,65.07,55.0
320,0,349,503,2011,131,7.3,300803,209.81,66.0
321,5,42,83,2006,104,6.5,95960,65.27,48.0
322,6,569,420,2016,84,6.4,616,0.01,74.0
323,0,234,185,2008,114,7.3,203096,5.69,53.0
324,0,30,272,2011,109,6.7,319025,37.55,53.0
325,3,140,241,2010,120,7.7,510100,96.92,95.0
326,0,76,503,2015,106,6.0,71149,27.36,34.0
327,6,481,113,2015,110,6.0,37975,5.77,36.0
328,3,526,323,2016,103,7.4,12643,0.04,54.0
329,5,290,42,2015,95,7.0,62885,3.22,79.0
330,5,426,91,2015,133,5.4,43085,7.1,51.0
331,2,455,31,2016,87,6.9,34248,72.66,56.0
332,0,111,64,2014,133,7.3,353305,350.12,72.0
333,3,281,345,2013,117,8.0,352801,27.3,84.0
334,3,586,112,2012,150,7.4,207497,182.2,86.0
335,0,531,110,2013,123,8.1,339722,26.9,75.0
336,6,437,277,2016,97,6.1,18201,0.0,0.0
337,4,147,64,2012,122,7.8,564364,132.09,81.0
338,6,21,16,2016,88,5.9,115,0.0,64.0
339,6,335,461,2014,126,7.8,271301,124.87,69.0
340,4,195,8,2014,117,6.5,93764,46.28,31.0
341,0,349,503,2009,107,6.6,217464,155.02,46.0
342,0,506,262,2012,119,7.4,452369,66.47,84.0
343,0,527,83,2013,131,6.4,173320,73.1,52.0
344,1,144,74,2016,102,6.8,36322,76.2,71.0
345,0,541,489,2007,139,6.2,406219,336.53,59.0
346,0,484,314,2011,110,5.8,92329,20.32,35.0
347,1,412,84,2007,127,7.7,220664,38.35,66.0
348,5,147,95,2013,138,7.3,379088,150.12,90.0
349,4,353,347,2009,102,5.1,96617,16.2,47.0
350,4,634,394,2011,94,7.7,320323,56.82,81.0
351,6,633,170,2016,89,7.3,1396,0.0,83.0
352,6,147,238,2015,124,6.6,97679,56.44,56.0
353,4,295,280,2015,119,7.1,33352,2.02,47.0
354,4,634,241,2016,96,6.7,45579,11.08,64.0
355,1,522,461,2015,119,6.3,171970,130.0,42.0
356,0,556,51,2014,102,5.5,59958,17.18,30.0
357,4,244,392,2016,118,7.4,5496,0.0,0.0
358,3,267,133,2014,123,7.7,299718,35.89,72.0
359,4,184,218,2013,107,6.6,327838,101.47,67.0
360,4,509,126,2013,123,7.8,221600,15.29,55.0
361,4,3,509,2008,98,6.9,223065,100.47,51.0
362,7,324,30,2014,100,5.7,14248,0.05,42.0
363,0,251,93,2013,132,7.8,417663,228.76,72.0
364,1,533,241,2009,88,7.7,409403,75.59,73.0
365,4,183,263,2016,106,6.3,89059,30.0,72.0
366,6,132,122,2008,120,8.0,677044,141.32,86.0
367,1,67,295,2012,115,5.5,194329,292.3,52.0
368,6,17,513,2016,117,6.9,286,0.0,0.0
369,0,392,29,2012,136,7.0,474320,262.03,66.0
370,0,605,206,2016,123,5.7,28326,26.38,38.0
371,0,250,210,2016,89,6.0,702,3.85,62.0
372,0,627,130,2014,113,6.8,335531,102.41,57.0
373,0,49,288,2016,113,6.3,38430,14.27,36.0
374,0,605,32,2008,110,6.7,312495,134.57,64.0
375,3,576,350,2016,111,6.9,31776,27.37,71.0
376,0,178,384,2016,99,5.7,7583,2.2,33.0
377,3,546,258,2015,123,6.9,135706,62.56,68.0
378,6,536,353,2015,133,7.6,175673,109.71,82.0
379,1,126,398,2016,97,7.1,61812,4.21,64.0
380,0,476,475,2014,126,6.1,137568,39.29,35.0
381,4,287,235,2014,86,7.6,84016,3.33,76.0
382,6,45,213,2015,124,7.4,169083,52.42,57.0
383,7,437,254,2016,81,6.6,45867,0.0,67.0
384,6,586,491,2015,142,7.6,217938,72.31,81.0
385,2,495,94,2014,100,7.8,266508,257.76,83.0
386,0,56,228,2015,121,7.1,154647,43.25,64.0
387,0,94,8,2015,105,5.6,101092,78.75,27.0
388,0,514,431,2010,140,6.7,221117,105.22,53.0
389,0,266,199,2013,126,6.7,355362,132.55,60.0
390,0,31,480,2012,132,6.6,220667,73.06,51.0
391,0,488,284,2016,100,6.3,31913,20.57,63.0
392,0,501,458,2015,115,5.8,31194,10.64,39.0
393,3,132,356,2015,122,7.2,116112,17.75,82.0
394,4,220,487,2016,98,5.0,102,0.0,43.0
395,4,158,8,2013,101,5.4,114482,133.67,19.0
396,6,373,61,2015,112,7.2,112288,42.48,51.0
397,0,382,136,2008,112,6.8,342355,134.52,61.0
398,4,490,504,2009,113,5.5,86417,109.18,23.0
399,4,597,466,2015,85,6.0,26587,0.0,31.0
400,4,585,83,2012,110,6.1,113686,113.71,72.0
401,2,366,446,2015,91,6.4,159830,336.03,56.0
402,7,528,377,2016,91,3.9,240,0.0,71.0
403,0,457,492,2008,92,7.1,93972,0.1,0.0
404,2,500,471,2010,95,7.7,410607,251.5,72.0
405,6,424,219,2014,118,6.7,49041,26.76,29.0
406,6,353,315,2015,100,6.7,40529,0.23,74.0
407,6,354,243,2012,157,7.4,226661,95.72,95.0
408,2,449,334,2010,100,7.8,316459,200.81,71.0
409,0,194,238,2015,137,6.6,202380,281.67,65.0
410,1,305,131,2015,99,6.1,74589,58.88,34.0
411,0,501,310,2008,93,7.8,502961,145.0,50.0
412,4,176,36,2015,115,6.5,108306,183.44,63.0
413,2,128,58,2013,104,7.3,252119,268.49,65.0
414,5,483,203,2016,130,7.2,35417,0.0,89.0
415,0,159,231,2016,98,5.6,48161,21.2,38.0
416,4,362,271,2014,102,5.4,34546,1.82,55.0
417,6,403,21,2016,108,6.9,164,0.0,85.0
418,6,299,285,2007,123,7.8,202890,50.92,0.0
419,1,154,113,2010,146,7.7,357213,294.98,65.0
420,6,579,356,2011,101,7.2,155010,4.0,72.0
421,0,299,448,2011,111,6.8,164208,40.25,65.0
422,6,150,302,2007,88,5.7,8914,0.04,35.0
423,0,83,312,2016,108,5.8,35003,10.91,45.0
424,0,462,473,2014,102,6.2,237887,106.37,48.0
425,0,55,185,2016,99,5.9,100702,62.4,28.0
426,6,140,63,2008,166,7.8,485075,127.49,70.0
427,0,197,363,2014,102,6.5,122185,13.75,46.0
428,0,480,343,2007,115,8.1,525700,227.14,85.0
429,7,573,469,2010,104,5.2,43648,0.0,55.0
430,0,261,172,2016,109,6.0,54216,79.0,0.0
431,4,504,0,2009,170,8.4,238789,6.52,67.0
432,4,62,53,2016,102,4.7,48297,28.84,34.0
433,0,391,63,2013,116,7.0,494819,202.35,63.0
434,0,73,490,2011,132,7.4,382459,209.36,73.0
435,0,115,335,2016,102,6.4,223,0.0,56.0
436,4,323,220,2013,97,7.1,81301,0.03,0.0
437,6,218,455,2015,123,7.1,58421,37.43,33.0
438,6,249,374,2012,114,7.6,156189,19.0,73.0
439,0,285,3,2013,103,6.6,214825,28.75,41.0
440,4,283,12,2016,88,5.6,220,0.0,63.0
441,1,541,218,2013,130,6.3,181521,234.9,44.0
442,6,303,448,2015,117,7.5,94977,38.32,87.0
443,2,239,106,2009,100,7.7,156620,75.28,80.0
444,6,161,434,2010,112,7.4,151409,9.7,81.0
445,9,425,316,2016,81,6.0,4531,0.0,31.0
446,1,103,408,2006,125,6.6,184152,46.98,0.0
447,0,487,275,2012,95,7.1,213764,13.4,59.0
448,1,589,441,2016,101,7.9,52331,5.2,81.0
449,2,165,435,2014,102,7.8,309186,222.49,74.0
450,6,363,89,2013,100,5.9,113272,35.27,53.0
451,0,318,423,2010,124,7.0,556666,312.06,57.0
452,4,281,213,2015,101,7.0,58720,1.82,49.0
453,0,101,120,2009,108,6.8,126656,10.33,28.0
454,0,45,185,2013,119,6.5,214994,98.9,41.0
455,0,120,13,2011,109,6.1,202682,55.09,36.0
456,6,600,329,2012,115,8.3,192263,0.61,76.0
457,4,42,446,2009,108,6.7,241709,163.95,48.0
458,4,182,509,2015,100,6.0,95119,90.35,34.0
459,4,158,8,2011,117,6.4,182069,103.03,33.0
460,6,540,306,2008,119,7.3,159736,22.88,69.0
461,5,60,50,2010,125,7.6,294553,92.17,74.0
462,7,632,303,2016,97,6.0,51235,35.79,42.0
463,3,432,407,2016,109,6.6,8229,4.07,63.0
464,6,429,160,2014,97,7.5,187760,0.0,69.0
465,1,516,205,2015,103,6.3,57602,80.02,60.0
466,0,234,423,2011,129,7.5,357436,186.83,48.0
467,0,498,32,2010,100,6.4,255813,118.31,65.0
468,8,157,213,2013,91,6.9,111558,1.01,61.0
469,0,453,463,2009,112,8.0,556794,115.65,81.0
470,0,3,509,2010,107,6.7,199900,119.22,64.0
471,3,514,121,2007,157,7.8,337835,130.13,76.0
472,3,570,290,2006,123,6.4,83941,15.96,65.0
473,0,527,252,2009,158,5.8,297984,166.11,49.0
474,1,154,113,2009,153,7.5,351059,301.96,78.0
475,3,60,50,2012,120,7.7,481274,136.02,86.0
476,3,162,478,2016,106,7.4,56332,15.79,54.0
477,6,193,499,2006,137,8.5,278103,11.28,89.0
478,7,86,127,2016,94,5.7,8404,0.0,48.0
479,6,25,18,2016,96,8.3,61,0.0,71.0
480,6,348,356,2015,113,6.7,41642,0.0,71.0
481,4,455,293,2008,111,7.2,226619,62.88,67.0
482,6,498,67,2014,97,6.5,93799,45.09,47.0
483,0,307,80,2016,115,6.3,48400,12.63,52.0
484,4,471,188,2016,97,7.7,17584,0.0,43.0
485,2,110,232,2016,97,6.3,55781,107.51,0.0
486,1,626,223,2012,94,7.8,254446,45.51,84.0
487,4,4,257,2007,117,6.7,102954,118.82,81.0
488,6,371,267,2013,115,6.7,84765,71.35,34.0
489,4,222,510,2015,105,6.6,166489,53.85,56.0
490,2,73,62,2007,111,8.0,504039,206.44,96.0
491,6,293,103,2010,98,6.5,36091,0.02,66.0
492,0,11,121,2010,118,6.9,241359,94.82,53.0
493,0,409,364,2008,85,7.0,313803,80.03,64.0
494,0,180,134,2015,114,5.3,44553,28.77,34.0
495,6,326,453,2013,108,6.3,94707,2.61,78.0
496,6,194,510,2007,101,7.2,565721,256.39,65.0
497,0,58,510,2012,106,6.8,278379,179.02,58.0
498,8,251,142,2011,112,7.1,298913,126.98,72.0
499,5,186,185,2009,109,7.4,228339,73.34,34.0
500,2,486,135,2009,96,8.3,722203,292.98,88.0
501,0,627,130,2015,131,6.3,159364,81.69,43.0
502,6,606,81,2015,118,7.2,77995,0.25,95.0
503,5,131,113,2016,109,6.5,27428,0.0,68.0
504,4,472,354,2015,124,7.3,52636,2.7,64.0
505,6,253,224,2009,141,7.9,166872,0.0,63.0
506,5,487,421,2016,110,5.7,291,0.0,54.0
507,5,463,3,2012,131,6.5,107960,47.31,59.0
508,4,392,520,2009,95,7.7,398972,32.39,76.0
509,4,176,153,2013,94,4.3,83625,8.83,18.0
510,6,22,446,2013,91,7.8,622089,274.08,96.0
511,6,398,48,2008,94,7.8,144614,9.03,55.0
512,0,45,341,2007,124,7.2,267820,46.98,53.0
514,1,538,297,2015,132,7.1,47289,66.01,72.0
515,4,230,83,2015,115,5.7,42506,0.0,60.0
516,4,630,153,2010,92,7.1,294950,58.4,72.0
517,0,514,95,2014,150,6.0,137299,65.01,52.0
518,0,453,463,2015,120,6.9,188769,31.57,41.0
519,1,491,200,2013,161,7.9,513744,258.36,66.0
520,6,69,88,2013,111,6.2,1356,0.05,51.0
521,3,553,221,2016,120,7.2,24100,2.96,59.0
522,5,514,356,2013,117,5.3,84927,16.97,48.0
523,0,32,41,2016,133,4.7,1830,23.05,57.0
524,3,222,488,2016,112,6.6,36156,0.0,0.0
525,5,151,100,2010,106,7.0,36043,0.06,60.0
526,0,217,59,2016,103,3.9,552,93.05,61.0
527,0,453,343,2013,109,6.6,358932,0.0,0.0
528,1,175,317,2013,100,5.4,26461,7.19,38.0
529,0,203,3,2014,123,6.4,318058,200.66,62.0
530,0,617,240,2012,135,6.7,245374,113.17,61.0
531,4,514,431,2006,117,6.9,74674,7.46,47.0
532,7,567,22,2016,92,5.4,12758,64.03,59.0
533,0,618,121,2006,126,7.0,253858,0.0,0.0
534,0,383,453,2014,89,6.4,352698,126.55,61.0
535,3,593,104,2016,125,7.2,1024,1.08,77.0
536,0,551,1,2014,132,6.5,143389,43.57,39.0
537,0,106,490,2012,130,7.0,250811,58.68,50.0
538,0,580,8,2016,108,5.7,24761,0.54,22.0
539,5,20,244,2016,92,7.3,198,0.0,43.0
540,5,185,164,2016,108,6.1,7115,0.0,0.0
541,8,529,164,2010,128,7.2,137964,15.52,77.0
542,8,451,64,2011,105,7.4,444417,79.24,59.0
543,0,454,217,2016,107,6.3,27042,0.0,39.0
544,6,510,197,2007,126,7.1,177247,53.68,0.0
545,6,443,396,2015,103,5.7,4912,0.0,39.0
546,6,284,360,2016,112,6.7,54787,3.71,76.0
547,4,435,284,2016,92,6.8,10485,4.42,83.0
548,1,602,352,2010,108,6.5,324898,334.19,53.0
549,3,496,138,2016,98,6.8,391,0.11,68.0
550,6,358,118,2016,100,7.9,22941,0.0,77.0
551,4,493,236,2006,106,5.8,106381,118.68,45.0
552,3,284,432,2016,123,7.1,17141,7.7,79.0
553,0,337,366,2015,100,4.3,121847,56.11,27.0
554,6,575,351,2015,104,6.3,9187,0.0,80.0
555,6,192,155,2015,106,7.1,30074,0.0,33.0
556,8,515,239,2015,91,4.6,30180,35.39,30.0
557,8,300,226,2015,108,7.1,96688,43.77,77.0
558,0,208,322,2014,92,6.3,148504,55.94,40.0
559,0,531,91,2015,122,6.9,90372,24.99,47.0
560,1,438,324,2006,84,6.6,115355,0.44,66.0
561,0,588,475,2010,103,6.5,283282,102.98,45.0
563,7,547,160,2012,110,6.8,171169,48.06,53.0
564,2,508,251,2012,101,7.8,290559,189.41,72.0
565,0,534,295,2012,127,6.1,239772,155.11,57.0
566,1,299,307,2015,111,5.8,47804,34.96,36.0
567,0,418,464,2011,154,6.3,338369,352.36,42.0
568,4,278,144,2007,96,7.5,432461,143.49,81.0
569,4,615,491,2016,98,6.1,26521,4.2,58.0
570,5,296,184,2016,98,6.5,68654,41.01,55.0
571,4,456,78,2014,109,6.0,110825,83.91,39.0
572,2,361,25,2007,107,7.1,150353,127.71,75.0
573,4,447,422,2015,121,7.1,159582,75.27,51.0
574,4,325,471,2006,101,7.8,374044,59.89,80.0
575,3,65,366,2016,117,6.8,11900,4.85,62.0
576,0,382,443,2010,106,5.8,238206,163.19,39.0
577,0,118,93,2016,117,6.8,44425,27.55,58.0
578,0,334,234,2010,125,6.8,273959,172.05,49.0
579,0,194,238,2013,146,7.6,525646,424.65,76.0
580,5,29,434,2010,101,6.3,44158,0.58,57.0
581,0,316,117,2016,90,4.9,6809,131.56,37.0
582,0,388,388,2010,103,4.2,125129,0.0,20.0
583,4,254,230,2014,94,5.1,89885,38.54,36.0
584,4,364,78,2012,110,5.7,60059,41.1,41.0
585,3,66,63,2011,133,7.6,297395,75.61,87.0
586,0,401,386,2007,114,5.2,190673,115.8,35.0
587,3,39,207,2014,137,7.2,114006,115.6,59.0
588,0,590,195,2011,110,6.0,142900,83.5,46.0
589,1,132,98,2007,107,7.3,199860,3.68,64.0
590,2,397,286,2012,93,7.2,293941,237.28,69.0
591,6,458,358,2009,152,7.8,182074,10.1,76.0
592,6,43,374,2013,112,6.2,25208,0.32,37.0
593,5,430,492,2014,106,7.1,116118,10.72,69.0
594,4,35,23,2006,105,6.4,122864,2.34,45.0
595,4,552,509,2015,96,6.1,68306,150.32,42.0
596,6,409,292,2010,116,7.2,97141,12.13,79.0
597,0,285,457,2008,110,6.6,84083,24.85,39.0
598,0,382,438,2016,83,6.2,63408,6.86,44.0
599,6,170,442,2009,97,7.9,277123,5.01,67.0
600,2,613,509,2010,95,7.3,183926,148.34,63.0
601,0,533,458,2013,113,6.7,181432,46.0,40.0
602,0,280,348,2016,88,6.4,40357,93.95,66.0
603,4,357,236,2009,129,6.4,137684,0.0,47.0
604,2,14,205,2016,95,7.2,89791,143.52,66.0
605,5,639,344,2015,110,5.1,1630,6.53,90.0
606,6,301,169,2016,95,7.4,338,0.0,0.0
607,6,156,238,2010,100,7.2,116435,0.0,0.0
608,4,557,226,2011,98,6.9,368556,117.53,57.0
609,6,635,37,2014,139,8.1,33560,3.49,74.0
610,0,232,428,2008,120,7.0,216932,75.75,78.0
611,6,510,19,2013,124,6.2,71822,19.45,52.0
612,4,395,447,2016,162,7.6,24387,1.48,93.0
613,6,491,407,2009,135,6.7,130702,43.98,42.0
614,3,28,63,2007,160,7.5,143564,3.9,68.0
615,4,333,262,2013,90,6.6,199973,24.48,66.0
616,0,272,202,2016,92,6.3,21089,0.04,48.0
618,0,207,345,2016,139,6.9,29895,0.0,0.0
619,0,470,36,2015,95,6.3,30053,0.03,52.0
620,1,62,53,2013,114,7.3,249877,58.23,54.0
621,4,513,462,2015,103,7.3,66400,17.47,72.0
622,0,445,276,2012,88,6.4,127157,62.32,39.0
623,6,370,511,2009,108,6.6,94069,0.4,49.0
624,7,394,225,2009,97,5.6,78631,65.0,34.0
625,0,465,310,2014,109,6.0,144715,89.25,26.0
626,0,375,101,2012,118,6.3,210965,58.88,43.0
627,0,77,395,2006,104,6.7,406540,234.36,58.0
628,4,631,325,2016,88,6.0,7181,0.0,46.0
629,5,116,283,2016,93,6.1,10700,0.0,0.0
630,1,563,53,2014,98,6.2,74886,113.73,47.0
631,4,173,213,2010,112,6.7,151519,32.36,55.0
632,4,184,218,2014,112,6.6,261536,6.11,52.0
633,4,72,273,2006,120,7.0,73491,2.2,85.0
634,6,421,24,2011,85,4.9,6683,0.0,94.0
635,2,31,52,2008,98,8.4,776897,223.81,0.0
636,4,342,460,2007,129,7.0,309398,148.73,85.0
637,8,170,213,2011,93,7.5,404884,54.7,74.0
638,5,307,492,2012,116,7.3,195360,37.4,58.0
639,6,378,193,2014,83,5.6,50402,31.54,59.0
640,4,319,227,2012,113,6.7,178471,56.72,49.0
641,3,202,510,2006,117,8.0,361105,162.59,64.0
642,4,122,116,2014,122,8.1,110100,3.08,77.0
643,4,195,8,2015,119,4.8,31149,0.0,18.0
644,6,198,403,2016,113,7.5,4304,0.86,73.0
645,6,238,467,2016,85,5.5,3564,0.0,72.0
646,6,111,99,2008,116,8.2,595779,148.09,0.0
647,4,317,64,2015,101,6.6,76469,13.65,42.0
649,6,344,150,2011,101,5.3,27006,0.03,0.0
650,0,402,519,2014,104,5.6,44111,7.79,30.0
651,6,602,258,2007,116,7.4,296289,52.88,83.0
652,5,6,40,2015,101,6.4,36300,0.0,36.0
653,7,270,396,2010,103,6.8,219916,53.99,52.0
654,4,9,31,2016,87,6.7,30875,9.39,68.0
655,6,243,145,2016,83,6.4,482,0.0,82.0
656,3,426,95,2009,140,7.0,240323,97.03,70.0
657,6,511,141,2014,165,7.9,286722,25.36,100.0
658,0,329,347,2014,101,5.9,178527,190.87,31.0
659,5,137,374,2007,100,7.7,198006,17.11,82.0
660,6,566,183,2015,96,6.7,2798,0.03,62.0
661,0,142,460,2008,111,7.0,267872,87.34,64.0
662,4,320,130,2012,95,6.9,54027,0.02,55.0
663,5,60,370,2007,114,7.7,206707,20.3,72.0
664,0,479,446,2013,117,6.6,140151,159.58,60.0
665,6,417,203,2016,102,7.1,5796,0.28,88.0
666,6,299,285,2012,129,6.6,75291,12.8,63.0
667,5,12,160,2015,106,5.7,26320,0.05,32.0
668,1,558,341,2015,115,6.3,136323,81.26,48.0
669,4,418,341,2013,129,6.5,168875,49.87,45.0
670,1,173,306,2006,143,8.0,422014,57.37,64.0
671,3,53,102,2013,114,6.1,15514,0.0,42.0
672,5,130,492,2015,137,6.5,47703,1.21,41.0
673,6,354,240,2008,131,7.6,352023,15.7,94.0
674,0,404,436,2011,114,5.6,231907,116.59,39.0
675,0,313,14,2016,98,5.9,9285,0.0,50.0
676,7,196,484,2007,126,7.2,233346,25.59,58.0
677,0,434,475,2013,115,6.7,188004,25.12,49.0
678,4,102,311,2014,102,7.2,80415,0.01,44.0
679,4,48,330,2015,101,6.5,57874,34.02,56.0
680,0,282,75,2016,140,7.2,2403,0.54,78.0
681,0,194,238,2014,123,6.7,331902,337.1,64.0
682,6,387,486,2011,112,7.5,104953,1.74,68.0
683,4,629,276,2016,90,6.5,16164,14.01,87.0
684,0,236,311,2013,130,5.9,112313,31.17,33.0
685,6,202,510,2008,123,7.7,245144,69.95,36.0
686,3,611,102,2010,118,8.0,534388,138.8,88.0
687,3,579,472,2008,96,7.6,54486,0.15,82.0
688,0,167,192,2008,88,6.1,252503,80.17,35.0
689,2,374,491,2010,103,8.3,586669,414.98,92.0
690,6,616,180,2011,122,7.1,157053,24.1,85.0
691,0,484,367,2012,96,5.4,114144,42.35,39.0
692,6,211,17,2016,151,7.8,23540,1.4,56.0
693,3,422,102,2016,104,6.5,10708,1.36,0.0
694,0,484,291,2014,105,5.5,90188,23.22,39.0
695,1,38,474,2012,127,7.9,471109,124.98,79.0
696,6,371,419,2009,93,8.1,177602,0.0,61.0
697,4,274,83,2011,100,6.1,19636,0.2,0.0
698,6,436,359,2014,106,7.3,86271,0.33,57.0
699,0,375,72,2007,128,7.2,347567,134.52,69.0
700,4,85,508,2016,94,5.5,1427,0.0,44.0
701,5,423,374,2007,111,6.5,73835,1.29,0.0
702,4,558,341,2012,106,7.0,494641,218.63,62.0
703,0,522,72,2010,111,7.1,250012,90.36,60.0
704,1,59,387,2008,165,6.6,106115,49.55,53.0
705,0,218,128,2010,98,6.5,83788,23.23,44.0
706,5,393,266,2016,87,5.8,4754,0.0,60.0
708,4,308,463,2016,88,6.5,5908,1.02,53.0
709,5,138,423,2014,141,7.4,146812,47.11,48.0
710,5,303,157,2013,96,6.2,18437,5.73,50.0
711,0,418,464,2009,150,6.0,335757,402.08,35.0
712,2,420,156,2016,80,7.6,11482,0.92,86.0
713,2,331,124,2014,95,7.3,50388,50.15,67.0
714,6,157,319,2010,131,8.2,92863,6.86,80.0
715,4,71,53,2007,116,5.8,74664,36.77,46.0
716,2,216,137,2006,108,6.5,141141,197.99,77.0
717,4,166,9,2015,104,6.6,64557,32.36,38.0
718,7,81,456,2008,86,6.2,96718,52.53,47.0
719,0,133,431,2014,138,5.8,209700,101.16,68.0
720,4,455,460,2014,97,6.4,236500,150.06,68.0
721,6,370,87,2013,123,6.7,65824,0.33,60.0
722,1,281,414,2014,115,7.1,95553,37.88,76.0
723,4,158,8,2010,102,6.0,190385,162.0,30.0
724,7,5,216,2016,89,5.1,26088,20.75,47.0
725,0,236,208,2010,140,6.2,127983,176.59,61.0
726,4,602,258,2012,113,6.2,209326,79.71,55.0
727,4,630,365,2011,109,6.6,286543,55.8,63.0
728,6,451,136,2006,110,7.6,309934,39.83,68.0
729,0,297,310,2010,117,6.8,219116,77.21,47.0
730,9,5,108,2014,100,6.7,71069,0.32,76.0
731,4,563,504,2013,119,6.3,166342,44.67,42.0
732,1,227,466,2011,104,7.0,201707,37.37,57.0
733,4,564,242,2016,100,6.9,688,0.0,51.0
734,8,531,491,2006,149,6.6,338280,217.54,46.0
735,4,80,132,2016,104,7.7,16163,0.69,37.0
736,1,407,48,2011,126,7.5,259182,73.82,83.0
737,7,468,152,2015,93,5.6,4155,0.02,68.0
738,0,514,306,2008,128,7.1,182305,39.38,57.0
739,6,594,95,2015,118,5.7,17439,0.56,53.0
740,0,515,66,2008,112,5.2,124554,102.18,31.0
741,4,61,349,2016,99,5.4,29642,63.03,40.0
742,0,327,134,2016,111,6.6,8998,4.71,54.0
743,6,341,418,2009,129,8.2,144524,20.17,80.0
744,1,183,234,2010,110,7.6,254904,171.03,80.0
745,6,414,516,2015,96,6.2,25903,3.59,46.0
746,4,558,459,2014,116,6.1,144779,42.62,44.0
747,9,98,69,2016,86,4.6,313,0.0,60.0
748,4,624,311,2016,127,5.7,3731,3.65,0.0
749,7,437,140,2016,99,6.1,30035,34.9,65.0
750,1,601,314,2013,106,5.9,91684,68.56,39.0
751,5,229,40,2007,113,7.2,148943,39.0,68.0
752,7,437,274,2013,104,6.5,92875,27.69,61.0
753,4,406,101,2008,107,7.9,322536,7.76,67.0
754,0,415,414,2012,103,6.3,154400,54.76,31.0
755,3,191,479,2016,106,5.0,353,0.0,64.0
756,1,307,502,2009,111,7.3,187302,0.06,0.0
757,6,171,4,2016,92,5.2,2083,0.0,46.0
758,6,258,300,2016,87,6.6,256,0.0,36.0
759,0,394,229,2011,113,5.2,84893,21.27,0.0
760,0,147,341,2010,116,7.8,290056,93.57,79.0
761,6,365,174,2007,114,7.5,91229,31.66,38.0
762,4,318,260,2014,114,7.3,151970,31.24,68.0
763,6,212,194,2015,102,7.3,57826,18.7,73.0
764,0,120,464,2008,118,6.6,156158,101.11,43.0
765,7,261,160,2013,85,5.7,154588,64.42,41.0
766,4,504,0,2014,153,8.2,103279,10.57,51.0
767,0,212,191,2013,114,6.7,194236,61.66,0.0
768,0,586,191,2008,122,6.2,351361,317.01,65.0
769,6,255,375,2015,109,6.3,72515,31.99,56.0
770,6,63,493,2015,119,5.7,25928,0.34,65.0
771,0,391,111,2008,106,6.6,347798,168.37,58.0
772,0,623,465,2016,95,4.5,2043,0.0,34.0
773,2,155,233,2010,98,8.1,523893,217.39,74.0
774,6,388,399,2006,110,5.6,82701,42.27,36.0
775,6,133,199,2006,96,7.3,199193,10.14,51.0
776,2,309,394,2011,106,6.2,110490,191.45,57.0
777,7,518,333,2016,102,5.1,10871,0.78,35.0
778,0,620,5,2015,90,4.7,9026,0.0,56.0
779,4,241,327,2016,90,4.8,499,0.0,0.0
780,3,408,122,2015,108,7.2,29912,3.86,0.0
781,0,279,310,2011,113,6.9,218679,61.09,56.0
782,0,590,436,2015,117,6.5,67196,12.28,34.0
783,5,79,288,2007,120,7.3,128146,28.48,45.0
784,4,2,77,2016,82,6.5,1031,0.0,77.0
785,4,95,90,2014,95,6.9,31370,0.04,31.0
786,3,480,491,2013,134,7.8,346154,107.1,83.0
787,6,294,429,2016,108,6.8,378,0.0,37.0
788,0,587,55,2016,92,4.6,11555,3.77,22.0
789,2,215,8,2015,89,6.7,69157,169.69,44.0
790,0,489,510,2008,92,6.4,366138,227.95,49.0
791,4,277,26,2015,118,6.0,50241,87.03,58.0
792,4,383,422,2013,111,6.3,92868,36.92,42.0
793,4,362,460,2008,101,6.6,154936,31.45,56.0
794,2,109,181,2016,66,7.8,4370,0.29,85.0
795,0,50,443,2012,102,6.6,129252,18.6,40.0
796,4,247,376,2011,108,6.2,178243,70.63,50.0
797,1,625,95,2006,120,7.3,87887,5.48,77.0
798,2,500,471,2013,98,7.4,304837,368.05,62.0
799,5,548,310,2014,114,6.5,93883,25.98,57.0
800,0,172,466,2013,109,7.0,199813,26.0,81.0
801,4,362,313,2016,88,4.3,7091,0.0,23.0
802,4,406,101,2012,110,7.2,196652,14.99,66.0
803,2,524,412,2007,115,6.2,146566,82.16,59.0
804,0,359,93,2014,105,6.2,103681,50.55,57.0
806,5,535,341,2014,111,6.0,52537,33.63,55.0
807,0,440,213,2010,116,6.6,233148,90.76,50.0
808,4,268,366,2013,95,7.1,115751,6.85,82.0
809,3,26,119,2016,111,6.8,4771,3.9,65.0
810,0,396,386,2016,128,5.2,4964,0.0,30.0
811,0,199,373,2015,93,6.7,19309,0.05,60.0
812,7,34,243,2013,100,6.2,142560,71.59,57.0
813,7,279,501,2009,123,7.0,153448,41.57,42.0
814,4,634,514,2012,112,6.3,72050,16.68,54.0
815,2,626,184,2009,87,7.8,149779,21.0,83.0
816,5,572,121,2006,129,7.6,285441,88.5,76.0
817,5,314,402,2016,95,5.4,8755,0.0,27.0
818,1,132,218,2010,94,7.6,294010,18.33,82.0
819,7,315,507,2014,99,5.4,91106,84.26,37.0
820,7,315,282,2016,73,4.6,564,0.0,63.0
821,6,544,362,2014,107,6.9,13711,0.0,0.0
822,1,596,96,2009,123,6.8,130153,7.69,65.0
823,0,578,120,2009,118,5.8,180105,150.17,32.0
824,3,46,413,2016,119,7.0,5855,0.3,72.0
825,6,163,464,2015,90,5.8,4779,0.0,27.0
826,7,494,361,2016,88,5.3,1427,0.0,25.0
827,6,188,374,2016,91,4.6,5715,6.88,0.0
828,0,413,337,2016,108,5.3,1391,0.0,77.0
829,0,521,297,2007,191,7.6,160350,25.03,0.0
830,4,276,79,2008,87,1.9,77207,14.17,15.0
831,6,588,475,2006,102,7.2,171356,70.27,63.0
832,4,136,518,2012,94,6.4,16917,49.0,54.0
833,6,88,352,2011,120,7.4,67464,11.23,76.0
834,0,37,345,2008,112,5.7,62719,70.22,29.0
835,4,369,438,2012,83,6.4,225394,59.62,58.0
836,8,181,275,2014,108,6.3,38804,5.98,24.0
837,5,119,10,2016,128,7.5,5531,0.13,84.0
838,0,158,8,2008,113,5.5,163144,100.02,54.0
839,5,214,28,2016,102,4.2,8409,0.0,23.0
840,3,7,160,2016,115,7.8,346,0.0,60.0
841,4,552,226,2014,108,6.3,125190,54.41,40.0
842,6,384,486,2015,125,6.4,15232,1.98,74.0
843,6,370,290,2011,135,7.1,137117,3.03,80.0
844,2,530,33,2009,97,7.1,95480,104.37,73.0
845,0,618,121,2010,98,6.8,157499,81.56,69.0
846,6,524,121,2012,138,7.3,276347,93.75,76.0
847,2,603,245,2015,94,6.7,77447,177.34,55.0
848,5,221,183,2013,131,7.8,77986,0.09,49.0
849,9,450,468,2016,108,6.3,1066,0.0,64.0
850,3,78,82,2013,128,7.5,69659,95.0,62.0
851,5,520,246,2008,123,6.8,198395,81.16,48.0
852,6,302,285,2013,104,7.4,111875,16.17,62.0
853,5,546,95,2013,116,6.8,88829,11.33,63.0
854,6,634,413,2008,96,7.1,208770,23.21,70.0
855,2,400,205,2008,92,7.6,329788,215.4,73.0
856,4,390,201,2016,111,5.9,9993,54.01,67.0
857,0,415,95,2009,115,6.6,297093,125.32,49.0
858,3,510,197,2007,123,7.5,55648,36.58,64.0
859,7,19,481,2006,107,6.4,136642,41.78,52.0
860,3,111,32,2008,141,7.8,206793,35.71,63.0
861,6,24,425,2010,113,7.2,119376,19.06,40.0
862,2,448,369,2016,129,8.4,2421,0.0,80.0
863,4,433,471,2014,81,6.2,32310,66.95,54.0
864,6,581,492,2013,85,7.1,100890,1.36,81.0
865,8,19,221,2016,108,6.3,6175,0.0,41.0
866,6,19,113,2013,120,6.5,61060,0.16,46.0
867,6,269,314,2016,110,6.9,7402,3.4,78.0
868,3,367,165,2015,122,6.9,20907,0.64,67.0
869,4,136,518,2011,99,6.6,20194,52.69,51.0
870,0,251,490,2006,126,6.9,270429,133.38,66.0
871,4,235,426,2015,116,7.7,21569,3.36,70.0
872,0,273,270,2009,85,2.7,59512,9.35,45.0
873,0,124,91,2012,93,5.4,64584,44.8,31.0
874,6,381,38,2011,107,7.0,113599,13.77,48.0
875,4,224,281,2010,114,6.6,101301,53.36,39.0
876,6,340,240,2007,100,7.0,221858,28.64,78.0
877,4,328,384,2013,98,6.9,193579,66.36,59.0
878,6,634,81,2013,98,7.3,160592,33.4,78.0
879,0,322,128,2013,110,5.8,152145,122.51,41.0
880,0,329,443,2012,99,5.8,159230,83.64,37.0
881,0,240,198,2016,120,6.9,8365,1.91,68.0
882,3,310,154,2013,125,7.5,125693,83.3,65.0
883,6,621,258,2014,119,6.3,184564,23.01,42.0
884,2,87,241,2011,96,6.9,173919,143.62,63.0
885,6,168,384,2015,101,6.1,16361,0.03,43.0
886,6,13,63,2006,143,7.5,253417,34.3,69.0
887,6,594,63,2011,139,6.8,143517,13.3,85.0
888,6,549,516,2012,101,6.5,82874,60.44,39.0
889,4,19,139,2010,88,5.5,75262,25.0,53.0
890,4,328,262,2011,100,7.7,281625,34.96,72.0
891,5,190,129,2016,104,3.5,202,0.0,59.0
892,4,342,400,2012,134,6.2,108156,67.52,0.0
893,0,563,199,2011,127,7.1,264480,85.46,56.0
894,4,427,451,2008,145,5.5,102547,152.64,53.0
895,0,588,475,2008,92,7.1,187077,42.72,46.0
896,0,521,430,2007,105,7.1,174553,0.0,55.0
897,3,492,510,2015,123,7.1,61274,34.53,0.0
898,1,590,305,2006,117,7.9,93036,2.28,64.0
899,4,520,281,2009,96,6.5,172558,88.92,28.0
900,4,209,278,2009,89,5.5,83976,58.72,24.0
901,4,377,232,2015,101,6.5,27730,0.81,64.0
902,0,148,445,2006,105,5.6,118905,34.01,58.0
903,4,419,113,2013,98,6.8,55243,3.45,59.0
904,2,155,233,2014,102,7.9,237565,177.0,76.0
905,0,339,250,2014,117,6.2,190833,58.61,52.0
906,6,262,375,2016,110,6.2,1455,0.0,43.0
907,4,428,439,2015,95,6.7,12361,14.44,63.0
908,5,585,184,2007,122,6.9,269581,117.14,62.0
909,4,264,379,2006,95,6.5,64351,7.77,69.0
910,6,585,343,2011,106,6.6,187004,75.64,70.0
911,6,411,440,2015,133,6.4,17565,0.08,72.0
912,9,468,433,2016,87,4.7,4204,0.0,68.0
913,1,201,265,2007,96,7.2,117297,82.23,74.0
914,8,271,148,2013,89,7.2,66265,0.07,65.0
915,3,218,215,2009,122,6.7,33007,36.84,60.0
916,6,242,269,2016,156,7.5,17962,0.79,81.0
917,0,568,475,2012,103,6.6,257395,85.02,51.0
918,5,231,512,2007,91,6.7,19351,0.0,29.0
919,5,615,54,2006,147,7.5,199387,2.21,56.0
920,1,100,387,2007,113,6.1,155078,70.08,51.0
921,0,452,356,2010,97,6.4,67801,0.12,62.0
922,0,105,497,2015,93,6.3,31651,3.64,32.0
923,4,83,516,2009,102,6.4,152808,64.15,48.0
924,0,304,298,2015,103,6.8,57921,27.29,38.0
925,0,82,65,2006,154,6.1,246797,200.07,72.0
926,1,67,295,2011,117,4.9,190244,281.28,45.0
927,6,372,175,2009,110,7.3,91623,47.54,79.0
928,6,233,345,2015,110,5.9,7475,0.02,23.0
929,4,96,519,2016,86,6.1,3843,0.0,86.0
930,6,482,401,2012,144,7.1,112902,16.38,0.0
931,4,117,287,2011,113,5.9,39380,51.78,58.0
932,6,503,89,2014,107,6.8,92170,50.46,46.0
933,6,245,108,2016,97,5.4,924,0.0,52.0
934,9,108,497,2016,97,6.3,2205,0.0,46.0
935,4,40,444,2016,120,6.2,4669,0.22,82.0
936,0,3,509,2006,108,6.6,137502,148.21,66.0
937,7,614,125,2009,92,4.4,60655,0.18,33.0
938,4,264,409,2010,96,6.8,64535,0.32,50.0
939,0,512,221,2016,108,7.3,14689,0.0,83.0
940,6,278,184,2009,109,7.4,279694,83.81,0.0
941,7,537,505,2008,98,6.1,50255,0.07,58.0
942,1,152,295,2010,124,4.9,192740,300.52,58.0
943,9,225,259,2016,86,5.8,1292,0.0,73.0
944,4,399,34,2011,106,6.1,62095,13.99,35.0
945,0,153,503,2013,119,6.4,132098,42.0,49.0
947,3,372,171,2013,132,7.2,93322,116.63,0.0
948,5,347,179,2016,91,5.6,3990,0.03,48.0
949,0,388,211,2013,100,4.9,166512,60.52,33.0
950,1,351,212,2016,80,6.1,2417,0.15,69.0
951,4,23,485,2015,105,7.8,92076,6.74,74.0
952,4,18,184,2011,115,7.3,211348,82.62,84.0
953,4,427,451,2010,146,4.3,62403,95.33,27.0
954,1,330,385,2013,95,7.2,65653,1.29,61.0
955,0,484,231,2008,105,6.4,173731,36.06,43.0
956,4,610,516,2014,94,6.2,81823,26.05,36.0
957,0,550,397,2010,100,5.2,84158,40.17,32.0
958,5,135,213,2012,109,7.7,192190,40.98,68.0
959,0,415,288,2014,117,6.2,73567,30.69,40.0
960,5,481,264,2006,110,7.8,271940,22.49,53.0
961,5,132,220,2013,101,7.0,97141,2.32,61.0
962,6,475,144,2015,101,5.9,10220,0.01,59.0
963,3,346,376,2008,115,6.7,88260,26.81,50.0
964,5,583,449,2010,108,6.3,60133,0.09,27.0
965,6,265,506,2016,104,6.9,280,0.0,72.0
966,6,145,301,2006,180,7.0,44227,0.0,0.0
967,1,352,299,2016,122,6.7,1810,0.0,70.0
968,1,524,262,2015,123,7.3,92378,10.14,0.0
969,0,431,35,2015,83,3.5,1210,0.0,37.0
970,0,223,258,2013,150,6.5,190855,89.29,0.0
971,7,311,15,2013,92,4.8,37060,34.33,62.0
972,6,120,464,2007,105,6.9,193491,80.05,0.0
973,4,4,267,2012,123,5.9,64513,38.51,47.0
974,7,628,381,2011,111,6.2,108544,38.18,52.0
975,3,442,328,2016,124,7.4,6753,8.81,73.0
976,4,364,382,2016,94,6.0,20966,59.57,37.0
977,6,219,86,2015,113,6.2,31634,0.0,39.0
978,4,380,227,2016,92,5.0,2229,0.0,38.0
979,6,635,378,2016,97,7.0,10658,0.0,48.0
980,6,485,43,2011,120,7.6,108772,3.19,70.0
981,3,474,237,2016,109,7.0,12048,61.69,44.0
982,4,630,406,2014,118,5.3,27312,85.91,33.0
983,6,345,162,2007,133,7.4,95172,24.34,56.0
984,4,385,214,2014,104,6.5,112729,82.39,30.0
985,1,70,483,2015,111,6.8,21405,42.65,47.0
986,1,142,114,2011,102,5.6,87904,21.56,31.0
987,7,582,383,2011,92,5.9,88000,42.58,50.0
988,6,559,177,2014,104,6.3,33688,23.39,30.0
989,7,473,372,2008,99,7.1,63785,0.0,89.0
990,3,54,119,2014,128,7.5,67637,52.07,0.0
991,0,478,417,2009,92,6.6,129708,45.8,44.0
992,6,0,115,2007,165,8.5,102697,1.2,42.0
993,4,419,495,2011,97,6.3,45419,6.92,0.0
994,0,484,367,2010,97,5.9,140900,60.13,37.0
995,4,459,485,2012,88,6.7,164088,54.72,48.0
996,5,68,88,2015,111,6.2,27585,0.0,45.0
997,7,175,304,2007,94,5.5,73152,17.54,46.0
998,6,322,424,2008,98,6.2,70699,58.01,50.0
999,1,545,7,2014,93,5.6,4881,0.0,22.0
1000,4,58,289,2016,87,5.3,12435,19.64,11.0
